   1         "t+ih"    5   43.066555  13.032945   8.851520
   2      "ao-r+eh"   38  286.270508 233.156891 128.593140
   3         "t+uw"    6   10.696761   9.463080   8.744090
   4         "t-ih"    1    1.629397   7.752635   2.331929
   5       "d-eh+l"    3    6.011576  14.919082   7.789264
   6         "t-uw"    5   32.714039  67.636978  48.723679
   7           "sp"  413  819.332153
   8      "uw-aa+t"    2    3.971285   1.999944   1.999946
   9       "m-b+aa"    1    1.000977   0.999904   0.999904
  10       "m-b+ih"   23  136.609756 104.658516  75.244652
  11       "g-aa+s"    1    1.062075   6.360724   1.300012
  12         "l+ih"    7   57.543858  15.650183 122.153809
  13      "ih-b+uw"    2    4.151218   2.002575   2.293986
  14      "aa-t+aa"    1    4.168286   1.054503   1.177480
  15      "aa-t+uw"    5   44.603554  12.783670   8.434103
  16         "l-ih"    1    7.951526  11.006460   4.426701
  17         "l-oh"    2    5.348150   5.348147   8.321433
  18        "aa-hh"    3   30.871021   5.176583 207.183502
  19        "aa-ih"    1    1.843032   6.496021   1.181768
  20        "aa-ng"   17   51.985466  94.946030 577.471802
  21        "aa-uw"    8   29.800291 129.343430 241.282028
  22      "ih-s+aa"    4   17.324806  11.851509   7.953202
  23      "r-uw+ng"    1    3.193822  12.300657   1.040546
  24     "ih-ng+ih"    3   34.999138   5.438789  52.568295
  25         "d+aa"   10   38.814274  18.081972  26.700336
  26         "d+eh"    3    4.048745   2.999910   2.999910
  27         "d+ih"   41  173.275879 209.827698 126.591835
  28         "d+uw"    7   25.373463  10.735899   8.185053
  29      "aa-l+aa"   19  250.450378  82.589676 117.898842
  30       "k-aa+l"    1    6.146017   9.034219   1.708635
  31       "k-aa+n"   12   51.186451  84.961151  45.383453
  32       "g-ao+r"   29  122.097755 105.960312 156.089218
  33      "aa-l+ih"    1    1.007482   1.559461   0.999883
  34      "aa-l+oh"    2   12.553650   7.085674  75.241119
  35         "d-ih"    1    1.005052  16.987680  30.962961
  36       "n-uw+g"    1    0.999857   1.000011   0.999857
  37       "m-aa+k"   11   70.104210  57.212933  41.105576
  38       "m-aa+l"   19  115.998581  82.562637 120.453575
  39      "ih-aa+m"   17   33.575764  82.629295  51.266705
  40      "ih-aa+n"   18   43.591263  98.611633  68.673302
  41       "p-uw+l"    8   32.806950  79.503304  13.832840
  42       "p-uw+r"    2    9.706729  28.246777  33.960148
  43      "j-uw+hh"    6   23.758966  27.919718  14.161037
  44      "uw-l+aa"    2    5.737983   2.002527   1.999985
  45      "uw-l+uw"    7   10.479543  13.268049   8.363079
  46         "m+aa"   37   64.905518 119.155769 739.734680
  47         "m+eh"    1    1.033378   1.025390  64.554077
  48      "ih-c+aa"    2    2.929571   2.929530   3.113783
  49         "m+ih"   23   57.169018  69.698738 372.946991
  50       "p-eh+r"    1    4.127913   1.180931   1.016970
  51       "p-eh+s"   37  154.291855 116.475159 155.894302
  52         "m-aa"    7   24.553404  64.837112  32.826138
  53         "m-ih"   23  151.470032 359.231384 623.753967
  54      "r-eh+ng"   29   44.217834  71.884308  59.443829
  55       "s-ih+y"   15   30.443274  88.542953  40.775528
  56       "t-uw+j"    6    7.078401   6.173993   9.436087
  57       "t-uw+k"   26   86.082481 195.888290 234.306442
  58      "eh-n+aa"    5   29.539158  26.939167   5.002745
  59       "s-aa+m"    2    4.961772  12.925981   2.006257
  60       "s-aa+n"   37   78.189636 250.488373 175.579910
  61       "s-aa+t"    5    9.840369  47.986942  22.563934
  62       "s-aa+y"   15   29.177116  36.187286 100.976891
  63      "y-aa+ng"   16   38.959351  89.118332  58.918480
  64       "r-g+ih"    1   16.006086   1.000443   0.999907
  65      "ih-l+aa"    4    5.880772   4.924106   4.946282
  66       "w-aa+r"    1    1.000015   6.770241   1.026700
  67       "s-ao+r"    9   59.991611  15.182575  59.504932
  68         "n+aa"   15   24.014486  37.337669 233.501373
  69       "y-aa+m"   26   59.136333  90.275940  66.439796
  70         "n+uw"    1    1.000211   0.999857   0.999857
  71         "n-ih"   21   94.345749 204.570236 298.611511
  72      "d-ih+aa"   35   65.482727  66.819664  51.969864
  73      "aa-n+aa"    3   33.159878  22.870064  94.996086
  74         "w+aa"    1    2.003075   6.122972   6.724658
  75      "ih-m+aa"    8   81.354614  29.930264  95.882729
  76         "w-aa"    7   13.421888  46.036751  38.675026
  77      "m-aa+uw"    8   68.418701  36.692001 132.531967
  78         "uw+n"   26  100.672195 118.786140  61.126575
  79         "uw-k"   26  135.613815 130.492203 575.985413
  80         "uw-p"   13   26.835943  42.512341 176.988144
  81         "uw-r"    2    2.002690   1.999815   2.039939
  82          "o-k"    1    5.356381   3.290176   3.706135
  83        "ih+ng"    3    5.045582  20.587009  13.180982
  84         "eh+m"    5   11.253945   6.917826   6.707150
  85         "eh+n"    5   21.132120  60.544056   5.876870
  86       "uw-n+t"   26   57.008331 123.438469 298.883698
  87      "eh-p+uw"    7    9.688058   9.454244  28.051714
  88         "g+ao"   29   61.685093  86.781219 146.813522
  89          "sil"  134  1217.870483 819.332153 1784.086914
  90      "uw-w+aa"    7   66.145271  45.849529  79.815521
  91         "g-aa"    5   16.446667  58.288582  14.848550
  92       "b-ih+l"   23   41.433350  33.975979  29.486017
  93       "b-ih+s"    4    9.025481   8.008046  10.954513
  94         "g-ih"   13   74.391357 131.094879 219.040787
  95      "l-aa+ng"    1    3.997424   9.002640   0.999998
  96      "ih-n+ih"   21   26.099285  42.213211 360.105682
  97       "b-aa+t"    1    3.473349   1.346945   6.851334
  98       "d-ih+b"    2    3.040852  15.583483   6.204398
  99       "d-ih+c"    2    2.998584   2.972368   2.019623
 100       "d-ih+m"    1    2.049110   1.103570   0.999865
 101      "aa-g+ih"   12   36.437546  34.689903 122.951935
 102       "d-aa+n"    9   15.804889  58.161583  36.142010
 103       "d-aa+r"    1    1.002144   8.474859   1.007407
 104         "p+aa"   12   38.125252  23.117401 241.512100
 105         "p+eh"   38   88.805077  72.298767 704.004395
 106         "p+uw"    1    3.005758   9.991479   1.000000
 107         "p-aa"    1    1.008436   4.993275   1.004212
 108      "uw-g+aa"    1   21.859322   3.426354   0.999950
 109      "k-aa+hh"    3   24.141058   6.968530  51.952347
 110       "h-aa+l"    2    8.203946  15.196059   2.451895
 111       "h-aa+r"    3    9.196289  34.851711   8.268436
 112        "uw-hh"   13   88.053268 239.339172 177.324966
 113        "uw-ng"    1    1.730951   2.954556  16.223797
 114         "h+aa"    5   68.849327  25.973221  53.887306
 115      "aa-p+aa"    7   17.419788  25.972786 169.374054
 116       "l-ih+m"    7   79.432152  39.137398  34.854828
 117      "b-uw+aa"    2   21.638041  26.807201  67.882271
 118         "y+aa"    2    8.963015   8.024099   5.472287
 119        "s-o+k"    1    1.115150   1.115160   1.135238
 120         "y-aa"   16   45.541664  60.796707 146.667938
 121       "l-k+aa"    1    3.589606   1.628434   0.999976
 122       "l-aa+m"   19   44.493813  47.549908  58.513794
 123       "l-aa+n"    5   15.040313  37.954803  15.359995
 124       "l-aa+p"    3    9.017617  26.834146   7.999801
 125       "m-eh+m"    1    4.977139   1.054665   1.000268
 126       "n-aa+k"    3   10.018010   9.914430   4.929664
 127       "n-aa+m"    2    5.161580  16.898365  18.859968
 128       "n-aa+n"    4   55.002583   5.807940  37.520439
 129       "n-aa+s"   14   75.590790  80.386398  58.191788
 130      "ih-g+aa"    5   20.099669  12.863218   7.322940
 131      "aa-y+aa"   41  345.834351 151.561646 103.878151
 132       "p-aa+g"   12   51.241573  87.589333  41.188747
 133       "p-aa+k"    3   16.464104   4.927814  46.167286
 134       "p-aa+n"    3   11.000486  16.996840   8.797824
 135       "p-aa+t"    5   14.683799  33.710468  12.595571
 136        "eh-ng"   11   46.647877  70.426163 196.161987
 137       "s-uw+p"   13   62.596107  80.363113 192.611816
 138     "eh-ng+aa"   18   51.137878  69.683685 152.269867
 139       "t-ih+g"    5   37.033466  28.082636  14.017952
 140       "n-t+aa"   19   45.534096  32.994801  21.658089
 141       "n-t+ih"    1    1.006299   1.551908   1.041187
 142       "n-t+uw"   26   70.961395  52.450527  43.652203
 143       "s-eh+m"    4    4.001688   3.999916   6.840263
 144       "s-eh+p"    7    7.333367  11.215095  26.126574
 145       "m-p+aa"    6   11.497427  44.923882 111.886223
 146       "m-p+uw"    2    1.999844   1.999844   1.999844
 147       "t-aa+l"    1    4.467892   1.036320  10.174252
 148       "t-aa+r"   19   27.057594 139.562637  84.492310
 149      "p-aa+ih"    1    4.006395   9.634458   0.999950
 150         "r-eh"    9   13.950225   9.944766  14.499537
 151         "r-ih"    4    8.837862  27.924976 119.939438
 152      "ng-ih+n"    3   58.658424   5.560324   3.027395
 153      "ih-y+aa"   15   35.301086  49.649834  34.475883
 154      "eh-s+aa"   37  341.889923  90.211586  82.547302
 155      "ng-aa+n"   18   65.641220 110.516190  49.008953
 156       "eh-m+b"    5   10.981831  16.568867   5.609138
 157       "eh-m+p"    5   18.318415  44.514507  95.711906
 158      "aa-r+ih"    4   15.798489   9.084799   9.047900
 159      "aa-r+uw"    1    1.074980   1.001267   1.982068
 160       "eh-r+g"    1    1.641550   1.010973   1.009316
 161       "eh-s+o"    1    4.803693   1.150785   3.330106
 162         "b+eh"    1    1.000177   1.002352   1.001777
 163         "b+ih"    4   16.852930   5.543063   4.541657
 164         "b+uw"    1    4.113574   1.001632   1.001948
 165         "s+aa"   22  154.984772  85.346230  45.328213
 166         "s+ao"    9   93.398224  19.179735  27.916039
 167         "s+eh"   11   98.788734  16.337688  18.024862
 168         "s+ih"   15  125.355057  70.704430  34.624187
 169         "s+uw"   13  144.267029  61.537594  35.022659
 170         "s-aa"    4    8.049077   5.778964  80.569412
 171         "s-ih"   14   68.211823 141.145706 323.616211
 172       "aa-l+k"    1    1.000692   1.025640   0.999921
 173       "aa-m+b"   19   70.343384  72.313301  64.847878
 174       "aa-m+p"    3    8.995688  16.928146   5.057863
 175       "aa-n+t"   20   47.788387  98.573914 144.442413
 176      "uw-j+uw"    6   46.352055  39.395096  61.916489
 177         "ih+n"   21  189.370499  95.846840  92.371941
 178         "ih-l"   19   40.415833  89.943100 298.846527
 179         "ih-n"    3    8.972280   5.999761   4.003393
 180         "k+aa"    1    1.000152   1.154587  13.842278
 181      "aa-s+ih"   14  122.803505  59.462055  33.304745
 182         "aa+m"    1    3.935656   4.065613   1.000920
 183         "aa+n"    1    5.109345   8.990730   1.000413
 184         "aa+p"    4   69.251869  21.105833  58.643551
 185         "aa+y"   26  125.948235 102.394814  82.156891
 186         "aa-k"    3   13.725374  22.084734  17.046062
 187         "aa-m"   47  164.752853 399.246277 824.238525
 188         "aa-n"   84  380.699402 650.774048 1825.512207
 189         "aa-r"   19   45.362995  40.016594 204.739868
 190         "aa-s"    1   12.443394  12.516338   0.999977
 191         "aa-t"    7    9.931299  10.203094  14.239309
 192       "b-uw+l"    1    1.182455   6.905091   0.999948
 193      "eh-l+aa"    3    6.936251   3.818970   3.522949
 194      "l-uw+hh"    7   39.122280  54.116013  15.850058
 195       "d-uw+w"    7   11.460539   9.956200  16.220533
 196      "aa-k+aa"   14   49.367996  42.552032  57.162590
 197       "b-eh+s"    1    0.999999   1.078146   2.896733
 198       "c-aa+m"    2    9.469518  15.568786   2.001895
